11 12 13        1             3     
21 22 23 ----->   5    &    5
31 32 33            9     7
                    |     |
    |               |     |
    |               V     V
    |               DP    DS 
    V             

1  2  3
4  5  6  -----> 1 2  &    6
7  8  9         4       8 9
                 |        | 
    |            |        |
    |            V        V
    |           C-DS     B-DS
    V  

4   &  2 3
7 8      9
 |       |
 |       |
 V       V
B-DP    C-DP 
    

1  2  3   4
5  6  7   8
9  10 11 12
13 14 15 16
 
